Charizard;100;100;(78, 85);(84, 109);100;['Fuego', 'Volador'];[];0;
Magmar;100;100;(57, 85);(95, 100);93;['Fuego'];[];0;
Ponyta;100;100;(55, 65);(85, 65);90;['Fuego'];[];0;
Arcanine;100;100;(80, 80);(110, 100);95;['Fuego'];[];0;
Vulpix;100;100;(40, 65);(41, 50);65;['Fuego'];[];0;
Blastoise;100;34;(100, 105);(83, 85);78;['Agua'];[];0;
Lapras;130;130;(80, 95);(85, 85);60;['Agua', 'Hielo'];[];0;
Tentacool;45;45;(35, 100);(40, 50);70;['Agua', 'Veneno'];[];0;
Tentacruel;80;80;(65, 120);(70, 80);100;['Agua', 'Veneno'];[];0;
Shellder;45;45;(100, 25);(65, 45);40;['Agua', 'Hielo'];[];0;
Venusaur;100;100;(83, 100);(82, 100);80;['Planta', 'Veneno'];[];0;
Exeggutor;95;95;(85, 65);(95, 125);55;['Planta', 'Psiquico'];[];0;
Weepinbell;65;65;(50, 45);(90, 85);55;['Planta', 'Veneno'];[];0;
Gloom;65;65;(70, 75);(65, 85);40;['Planta', 'Veneno'];[];0;
Tangela;65;65;(40, 55);(100, 60);60;['Planta'];[];0;
Pikachu;100;100;(30, 40);(55, 50);90;['Electrico'];[];0;
Raichu;100;100;(55, 80);(90, 90);110;['Electrico'];[];0;
Electivire;100;100;(67, 85);(123, 95);95;['Electrico'];[];0;
Magnemite;30;30;(70, 55);(35, 95);45;['Electrico', 'Acero'];[];0;
Magneton;60;60;(95, 70);(60, 120);70;['Electrico', 'Acero'];[];0;
Alakazam;100;100;(45, 95);(50, 135);120;['Psiquico'];[];0;
Hypno;100;100;(70, 115);(73, 73);67;['Psiquico'];[];0;
Mew*;100;100;(100, 100);(100, 100);100;['Psiquico'];[];0;
Drowzee;100;100;(45, 90);(48, 43);42;['Psiquico'];[];0;
Slowpoke;90;90;(65, 40);(65, 40);15;['Psiquico', 'Agua'];[];0;
Houndour;50;50;(30, 50);(60, 80);65;['Siniestro', 'Fuego'];[];0;
Houndoom;75;75;(50, 80);(90, 110);95;['Siniestro', 'Fuego'];[];0;
Mightyena;100;100;(70, 60);(90, 60);70;['Siniestro'];[];0;
Poochyena;100;100;(35, 30);(55, 30);35;['Siniestro'];[];0;
Darkrai*;100;100;(90, 90);(90, 135);125;['Siniestro'];[];0;
Haunter;100;100;(45, 55);(50, 115);95;['Fantasma'];[];0;
Gengar;100;100;(60, 75);(65, 130);110;['Fantasma'];[];0;
Mimikyu;100;100;(8, 105);(90, 50);96;['Fantasma'];[];0;
Gasly;100;100;(35, 35);(100, 80);80;['Fantasma'];[];0;
Giratina;100;100;(120, 120);(80, 95);90;['Fantasma'];[];0;
Machoke;100;100;(70, 60);(100, 50);45;['Lucha'];[];0;
Machamp;100;100;(85, 130);(65, 55);90;['Lucha'];[];0;
Primeape;100;100;(60, 70);(105, 60);95;['Lucha'];[];0;
Hitmonlee;100;100;(120, 110);(120, 35);87;['Lucha'];[];0;
Hitmonchan;100;100;(79, 110);(105, 35);76;['Lucha'];[];0;
Pidgeot;83;83;(75, 70);(80, 70);101;['Volador', 'Normal'];[];0;
Aerodactyl;80;80;(65, 75);(105, 60);130;['Volador', 'Roca'];[];0;
Farfetch'd;52;52;(55, 62);(90, 58);60;['Volador', 'Normal'];[];0;
Dodrio;60;60;(70, 60);(110, 60);100;['Volador', 'Normal'];[];0;
Crobat;85;85;(80, 80);(90, 70);130;['Volador', 'Veneno'];[];0;
Pinsir;100;100;(120, 90);(155, 90);85;['Bicho'];[];0;
Scyther;70;70;(80, 80);(110, 55);105;['Bicho', 'Volador'];[];0;
Heracross;80;80;(75, 95);(125, 40);85;['Bicho', 'Lucha'];[];0;
Caterpie;45;45;(35, 20);(30, 20);45;['Bicho', 'Veneno'];[];0;
Weedle;40;40;(30, 20);(35, 20);55;['Bicho', 'Veneno'];[];0;
Onix;100;100;(160, 45);(45, 30);70;['Roca'];[];0;
Golem;100;100;(130, 65);(110, 55);45;['Roca'];[];0;
Graveler;100;100;(115, 45);(95, 45);35;['Roca'];[];0;
Larvitar;100;100;(50, 50);(64, 45);41;['Roca'];[];0;
Kabuto;45;45;(90, 45);(80, 55);55;['Roca', 'Agua'];[];0;
Rattata;100;100;(35, 35);(56, 25);76;['Normal'];[];0;
Raticate;100;100;(60, 70);(81, 50);97;['Normal'];[];0;
Tauros;100;100;(95, 70);(100, 40);110;['Normal'];[];0;
Snorlax;100;100;(65, 110);(110, 95);30;['Normal'];[];0;
Porygon;100;100;(70, 75);(60, 85);40;['Normal'];[];0;
Jynx;65;65;(35, 95);(50, 115);95;['Hielo', 'Psiquico'];[];0;
Mamoswine;110;110;(80, 60);(130, 70);80;['Hielo', 'Roca'];[];0;
Articuno*;90;90;(100, 125);(85, 95);75;['Hielo', 'Volador'];[];0;
Swinub;60;60;(45, 35);(50, 35);50;['Hielo', 'Roca'];[];0;
Spheal;75;75;(50, 50);(40, 55);35;['Hielo', 'Agua'];[];0;
Dragonair;100;100;(65, 70);(84, 70);70;['Dragon'];[];0;
Dragonite;91;91;(95, 100);(134, 100);84;['Dragon', 'Volador'];[];0;
Flygon;80;80;(80, 80);(100, 80);100;['Dragon', 'Roca'];[];0;
Tyrunt;58;58;(77, 45);(89, 45);48;['Roca', 'Dragon'];[];0;
Dreepy;30;30;(35, 35);(60, 40);82;['Dragon', 'Fantasma'];[];0;
Steelix;75;75;(200, 65);(85, 55);35;['Acero', 'Roca'];[];0;
Beldum;45;45;(80, 60);(55, 35);30;['Acero', 'Psiquico'];[];0;
Lairon;60;60;(140, 50);(90, 50);40;['Acero', 'Roca'];[];0;
Meltamn;100;100;(65, 35);(65, 55);35;['Acero'];[];0;
Registeel*;80;80;(150, 150);(75, 75);50;['Acero', 'Roca'];[];0;
Zubat;40;40;(35, 40);(45, 30);55;['Veneno', 'Volador'];[];0;
Grimer;100;100;(50, 50);(80, 50);25;['Veneno'];[];0;
Nidoqueen;90;90;(87, 85);(82, 85);76;['Veneno', 'Roca'];[];0;
NidoKing;81;81;(77, 75);(102, 85);85;['Veneno', 'Roca'];[];0;
Ekans;100;100;(44, 54);(60, 40);55;['Veneno'];[];0;
